[
  { "success": 0.95, "maintain": 0.05, "destruction": 0, "recover": 0 },
  { "success": 0.90, "maintain": 0.10, "destruction": 0, "recover": 1 },
  { "success": 0.85, "maintain": 0.15, "destruction": 0, "recover": 2 },
  { "success": 0.85, "maintain": 0.15, "destruction": 0, "recover": 3 },
  { "success": 0.80, "maintain": 0.20, "destruction": 0, "recover": 4 },
  { "success": 0.75, "maintain": 0.25, "destruction": 0, "recover": 5 },
  { "success": 0.70, "maintain": 0.30, "destruction": 0, "recover": 6 },
  { "success": 0.65, "maintain": 0.35, "destruction": 0, "recover": 7 },
  { "success": 0.60, "maintain": 0.40, "destruction": 0, "recover": 8 },
  { "success": 0.55, "maintain": 0.45, "destruction": 0, "recover": 9 },
  { "success": 0.50, "maintain": 0.50, "destruction": 0, "recover": 10 },
  { "success": 0.45, "maintain": 0.55, "destruction": 0, "recover": 11 },
  { "success": 0.40, "maintain": 0.60, "destruction": 0, "recover": 12 },
  { "success": 0.35, "maintain": 0.65, "destruction": 0, "recover": 13 },
  { "success": 0.30, "maintain": 0.70, "destruction": 0, "recover": 14 },
  { "success": 0.30, "maintain": 0.679, "destruction": 0.021, "recover": 12 },
  { "success": 0.30, "maintain": 0.679, "destruction": 0.021, "recover": 12 },
  { "success": 0.15, "maintain": 0.782, "destruction": 0.068, "recover": 12 },
  { "success": 0.15, "maintain": 0.782, "destruction": 0.068, "recover": 12 },
  { "success": 0.15, "maintain": 0.765, "destruction": 0.085, "recover": 12 },
  { "success": 0.30, "maintain": 0.595, "destruction": 0.105, "recover": 15 },
  { "success": 0.15, "maintain": 0.7225, "destruction": 0.1275, "recover": 17 },
  { "success": 0.15, "maintain": 0.68, "destruction": 0.17, "recover": 17 },
  { "success": 0.10, "maintain": 0.72, "destruction": 0.18, "recover": 19 },
  { "success": 0.10, "maintain": 0.72, "destruction": 0.18, "recover": 19 },
  { "success": 0.10, "maintain": 0.72, "destruction": 0.18, "recover": 19 },
  { "success": 0.07, "maintain": 0.744, "destruction": 0.186, "recover": 20 },
  { "success": 0.05, "maintain": 0.76, "destruction": 0.19, "recover": 20 },
  { "success": 0.03, "maintain": 0.776, "destruction": 0.194, "recover": 20 },
  { "success": 0.01, "maintain": 0.792, "destruction": 0.198, "recover": 20 }
]
